0529554332
1079655833
0145362997
0145061873
1832812941
0985482846
0421766846
2048268144
0325079741
0927699786
1230392441
0576371919
0251059127
0882156782
1389017530
0888640041
1519054249
0050137939
0844651021
2052689614
1368225661
1045729990
0078800967
1725878021
1260114727
1816356890
0500939159
1091846994
1108750417
1143584921
1377560464
1385186506
1804077571
0917429293
0152332817
0887714726
2061396434
1464521674
1970036444
1798135945
1947838111
1565435693
1050544310
0828028182
0392646937
0690323099
1387569913
0635177305
1409822649
1367787023
0050517473
1114174738
0245817591
0134162417
1084309354
0701215519
0652846332
0515276648
1002285075
0610243310
1597760287
1218942821
0488465147
0325399627
1487112816
0638353363
0580406780
1977422669
1409165912
1762241231
0386600924
1546082053
1956846904
1213345152
0080060324
1464872448
1125532637
0326425459
1420547184
0337528730
1390625025
1325578075
0646961125
0565235022
0917768147
2074371505
0637638730
1653454793
1450696371
0683220592
0171093973
1786595950
1375759287
0653027607
0582062569
1083375246
0486647392
2139309598
0756640733
0743796496
1642098575
1586816562
1617651075
1940667698
0869369379
2065981003
0671442962
1333846880
1658685613
1512790354
1484296316
2066489507
0102420528
1716462307
1982804149
2124080207
1712835060
0275907954
1083962719
1247624200
1285353438
1565562766
0874049094
1046207331
0436972520
2124788680
0737252762
0645930347
1517493961
1802193772
2103252701
0372089164
0310047903
0253428195
0875007744
0699028739
1449950676
1432533395
1950258381
1996832690
1493700513
0250112324
0098706108
1077126825
1385166404
0383156053
0541485818
1819631644
0982308125
1417249772
1698115028
2139864755
1237755501
0224708462
1473561693
0461813726
1313558683
0890826026
2045801434
0479999182
0039472083
0393758916
0538183708
0112122994
1306039677
1009459784
0714027582
1366585016
0325212381
1443449692
1521395961
0234723490
1969343960
0456526187
1565326343
0025092500
1307173604
1101846478
1239040313
0595869184
0154814365
1120894556
1779245450
0342695199
2012914683
1433876463
0373755098
0623851743
0889893893
0408652225
1222476119
0692720101
0166341139
1037941370
1591981952
0587011958
0571679386
1508071173
1758262390
0192807631
1522581757
1051822088
1669519636
0808354034
1491726735
0971298642
0563029427
0955373193
0518054793
0912570087
2037918446
1115599227
0145023357
0465711080
0663200830
0624853159
0411126886
0760500705
2053116017
0963679107
0109344937
1253039452
0898232818
0441940272
0264996526
1374578728
0241026477
1644312081
2137517214
0280646384
0938895684
0856668702
0458277549
1592986186
0711726843
0679289899
1171717585
0604642088
0157873433
0518659831
0981063835
1880105143
0733500258
1381334318
0973111756
0993422819
1398744201
0744122386
0448092893
0542355977
1998875844
1537684698
1075348675
2049284277
1700543710
0649108979
0014803105
1135033155
1631148876
1225834867
0625255307
0274035267
1553201721
0889556927
1696814782
0266489486
0628843686
1899342689
1937930662
1000104403
0395728256
0548295765
0125970599
0504940410
0950291930
0919864997
2013041048
0869684151
1285252489
1319223483
1370863063
1388100229
0220987559
1885717552
0040005255
0453348028
1351223941
0696681400
1720365088
0339928906
2009782637
0196551444
1450648877
1141214706
2097241516
1490868876
0937766797
1218967239
1480160830
1034297409
1166907732
0064430021
1387970689
1374802273
1319810059
0148515398
2036520436
0781559924
1685421779
1111078258
0493633847
1174191500
1639398409
0383049343
0592407287
1321340264
0140584707
0854884102
1215953683
0267263125
0430816127
1498681269
1493177489
0321875220
0155907728
1947543019
1937919109
0618831669
0713370586
2055278691
0243513232
1468483845
0401591670
1824802137
0286861361
0869643434
2076922913
1069566102
1255211425
0788429522
0383709192
0341437483
1285374877
0222400024
1539174853
1541366178
1620238848
0828796763
0167943779
1578968341
1290430224
2049662332
1775962611
0403213586
0936368343
0493409884
0648540157
1731314968
1174131560
1347843438
0851557908
1422926727
1868301008
1686847242
1286105412
0730778584
0892306408
2087787815
0837777930
0657154392
1656490415
1046793409
2099199394
1266624743
2038895251
1411894437
1567977630
0117987626
0518414629
0394147274
0433214809
0809855534
1847963436
0684554972
0460377578
1182537445
0545765300
0876082777
2140941914
1492504639
0642007858
0579688190
0336173622
1532471975
1801011500
1360659437
1524569566
0100986404
0471965752
1124858862
1381497353
1886148169
1724735685
1909463252
1661774612
0731054799
0552923709
0594459600
0708672497
0251796505
1632394842
0735641159
0912298089
0643961775
1037220883
1866875415
0638975492
0369784050
0419285907
1968422857
0002270852
1546101534
0472357810
0947803713
1194298414
1794827544
1396876426
0099638304
1360733945
0808683688
0684261291
0493857530
0006775319
0950446621
0209696221
0982467615
1780931436
1915465012
0059809105
1655606805
1964839387
1660382677
1977161451
0136449531
0616132743
1913031240
0054742295
0000182115
0403052471
0479406361
0094072231
0862055899
1408509497
0916486710
1973112874
1398003592
1141843204
2023753977
0049568844
1727688742
0447808246
1696138424
1656809449
1630657414
0139293962
1547508513
1714699127
2048792287
1289839544
1117581090
0477990265
1061504599
0039991174
1514065578
0994249837
1968690700
2035704310
0690214594
0985320163
1586092551
1199932175
1420033641
1990430535
0159366582
1101914273
1648778018
1209325641
1655872919
1582285267
1986597480
1342968699
2102634465
1001903452
2138669636
0366261801
1113317298
0997523516
1518241451
2109400902
1751679718
1205125230
1579746627
1350693464
0170551985
0105286072
1854904018
0642211761
1643983487
1403114924
1860069473
1117966635
1527058542
1116484074
1244629931
0190856435
1892656276
0772921428
0412746612
0426396304
0552939451
0567423932
0369815974
1974963252
1238480632
1968460665
1803435404
1437995864
1971628925
0556258581
0331624843
1106432932
1621702168
1981363306
0349017700
0981418703
1914740312
0313759258
1740762661
0661153349
1048877845
1565330910
0345308661
1955925554
1064089285
1645203222
1943354918
0623103562
1213936061
1129126970
1789878344
0260662765
1728950095
0481706070
1441221190
0106070215
0319155986
0742439862
1992227134
1401792853
0417679765
1638316177
1894302578
0264843404
0516394012
0173057810
1502617501
0544575702
0726464400
1751718575
0050303227
0147133542
1468490295
1135253342
1878555849
1365045418
1768520115
1413727656
0963328135
1022991418
2030548693
1052349301
1443037385
0374112079
0475079403
1937466048
0536824091
1850746028
0395270963
1566593763
0598868536
0686868597
1410674526
1262185291
1340796095
0837066565
0597808736
0212226907
0023750390
1886494835
1232820137
0533910959
0503376562
1797882171
0452066762
0236228936
2074530089
0587343638
0713825468
1493663592
0973824065
0040059363
1928455289
0574258009
1985636976
0748909018
1546352295
1358460930
0148400297
1694934210
1891848372
0927122105
1031931646
1997333672
1104927143
0029995380
0878589384
0445804868
0273946472
1729966377
0386404431
0783080725
0366636919
0943326669
1485251475
0880079482
0530281145
1182201921
1076499111
1629871606
1792836231
0315007344
0306260570
1132428689
0084525516
1184742078
1980137048
1982163181
0961503311
0131632868
0519603889
1581310597
0192893428
2056159532
0353617941
0444400592
1101854784
1450723673
1875566177
1862784426
1588155990
0857529823
0842453480
0056453066
0302236781
1570140228
2096272737
1625041037
1777310887
1978633310
0278548657
1011518070
1255154180
1837143226
1660888968
1307213401
1762661977
0497236178
0324109712
1522392062
1809677872
2057084831
0924761557
1535784482
1426063152
1008785759
0825089092
0957106994
0250885487
0815415024
1145086176
1594936755
0743977240
1431823229
0867489564
1012381035
0528278391
0976542434
1412800197
2134283525
0075438477
0680990551
0836270310
1395204633
1427313919
1774639314
1731502627
0495180368
0621214356
0976237797
0095552322
0044632306
1519084507
1347246895
1144163212
0635443323
0540903344
1368199655
0111991345
1045069910
1681449131
0469670202
2066135832
0520383111
1387040081
1456448264
1267653679
0176995571
0965428470
1520669824
0251383823
1945250951
1865230315
1356404875
0787125771
0716689213
0062391793
1579546055
2105198274
1269152086
1176776220
1514925825
1867172101
0260217576
1169913862
1935869379
1042925636
1144381617
0142898652
0451073608
1126090381
0623514979
0974508227
1523900185
1696187314
1173345764
0749649431
1881776162
1359938815
0186184612
0881689128
0608399042
0230638042
1843299454
1480645171
1563650918
1032405279
1933017583
2116134418
0271586056
0794786257
0220338102
1876627260
0171722629
1603573359
0153161647
0136921805
0527133030
1953839558
1050908159
1730545650
1973600965
1391784249
0842411598
1716096246
1419071929
1072057991
0798035140
0619018276
0451097973
1726255305
1939761404
1817219280
0266277857
2048270713
1531711550
1283574773
0245548603
0670002726
0819544897
1859070188
1377777698
1741991115
0341425995
1643859663
0313312581
0647300453
1623119389
0552192931
1786257966
0882733502
1170563808
0830821560
0879544912
1043139495
1930093321
1751165779
0859819773
1094917157
0769353261
0863790805
0976401843
0954466531
1318246660
1861038767
2134140983
1643319885
1700476093
2073880994
1988885601
0368625379
0590797061
0081391011
0927333290
1278413442
1239455249
0399837558
1583639510
1633106177
1219718809
1706970939
0774080432
0409447291
0686258463
2090880400
2054045471
1125345071
1192876784
0444341592
0945601856
1220177020
0721150023
1818049014
2009289316
0722836413
1545660763
0102389012
0715406719
0420206316
0078245937
0419674485
0340216242
0053411433
1234666328
0142408197
0042442933
1461990420
0047151130
0413011140
1271437071
0260730915
0075434647
1430644436
1229040327
0687953346
1296009774
1151999646
1374593774
1225407863
2081718497
1473230548
0553839204
1610537237
1507058048
1233340398
1592133381
2012924415
0616226185
0357097233
1308728954
1407979966
0362147482
0999633251
0292446008
0540481765
1719190873
1964120098
2119696344
1769207941
1342036035
1380930970
1247700997
1326941653
2122290287
1648052553
1065636656
1253434378
0982621207
0659932070
0920872404
1059414590
0445550112
0162454265
1153551414
0273847754
0383360472
1264682102
2109725734
1662104417
0701370948
2134285915
1986749496
1428095745
0077920277
0576024229
1238429824
1037591913
0619771232
0111975885
0824795330
0750885009
0761660910
0599251721
1731241080
0389476843
1728244232
1517636706
0299551005
1548920414
0552682537
1418874453
0289268598
1663758127
0454751978
1477626122
0760286874
1421690215
0399375993
1981395494
1928761275
1826969133
1379483318
1157085659
1886658548
0466584607
0176545351
1210992133
0206642965
1112330391
0272196321
0681573783
0004512791
0171920085
0484516049
1371457690
1709949116
2092544588
1784410535
0772370816
0608203821
1960046894
1105142458
1880885545
0304874504
1545383082
1625125553
1516990440
0756718724
0521202015
1702544831
1129197173
0529001947
0856246130
1013776126
0247903311
1623371573
0940733221
1959321993
0177324737
1653427919
1227678419
0672324058
0766361625
0059749619
1835114202
0538822193
1539815655
0392498791
1320697257
0479642905
1647096836
2069193615
0680454158
1740002624
1844948115
1550312633
0630954919
1135483975
1237438050
1985574159
1087841240
0777096670
1337367403
2051882092
2009099717
1720396629
1340934408
0706658638
2104780827
1219875416
0742822099
1594366770
0265428997
0056240021
1063127850
