1713963479
1921892479
1425012676
1439006258
1312085643
1299338336
1485930974
0320299747
1190015194
1310194046
1525507062
0364966251
1548395362
0649151354
2142212913
1218800492
0774944555
1290030257
0670836104
0267167400
1154225324
1364167783
1503594638
1647490015
1375451312
0551424308
0962995171
0624731118
0338015709
0665468457
1894556344
1096783940
1132975538
0572411270
0872383094
1435742450
0153160336
0396966363
1702730182
2054211852
1606243690
1510949559
1426103330
1957152389
1060253445
1128789797
1866679450
0486751695
1664152196
0432887348
1272360009
0950031274
0865974139
0382836946
0017743717
1328758867
1145635217
1644457433
0093920808
1134571294
0265959180
0281046352
1419421037
1803343603
0977429424
0914545937
1269654191
1538479066
0984145598
1962336310
0533050883
0608092384
0894570327
1935831826
1083307863
0875113710
0220349327
0328237116
1400003556
1223580357
0362619190
1082811472
0821870858
2124136828
0676264002
1621558307
1626135945
0570815688
1642205944
0645578699
1000846214
1220217769
0302987531
2070080684
0216370614
0659062252
1675883079
0515957743
1590437197
0064607447
0182041660
1171807046
0339684784
0531210897
1455607845
0681131498
1830451370
1909070104
0432772109
0019567631
1961568416
1728244170
0484035854
1090561055
0203727322
1345257319
1840719849
1050424111
1244751087
1232559063
1091316520
0351217410
1299887348
1325597965
1529962205
2135640395
0567928002
1119768682
1861589439
1530790303
1875422045
1266279518
0941154606
0642820247
0375751940
1353058387
0499675552
1836526515
0707771816
1262835293
0805756871
1578323137
0714656319
0610455354
0837405048
0481957446
1269988352
0494314047
0295364034
0065980254
0200371812
1350114076
1426697642
1793764733
0933364062
0623261260
0461581317
0054239557
1623560953
1772134174
0539372025
0692612362
1120421338
0747069430
2126723862
0526094632
1166117122
0245786215
1564377532
0553863435
1162245788
0732858594
1327963624
0296963158
1759774409
1376084974
0276646437
1087536926
0619301495
0221468807
0178333953
1823625543
0975352256
0824748195
0768548421
1574405736
0484604882
0249023147
0107719498
1654199609
1422863531
1216521769
1718737052
1232757794
0606692850
0109745643
1622540333
0572102538
0895906649
0974033484
0419626637
1416244799
0958697219
1521970004
1679301434
0885113345
0053319327
1542862975
1930902303
2099994018
2029535443
0654282915
0822318482
2041525586
0349609351
1761522923
0472328981
0679927409
1500817792
1814178230
0464840425
1783007103
0445430201
0453733641
1635667773
2020765635
1049200663
1386311536
0005281907
1661863055
1680950465
0443496358
0840322813
1644208373
0179475910
1612261203
2134881490
1481682016
1253417727
1874361017
1886999406
1521395961
2025228238
1264338533
1013433525
1247603965
1920362410
1293584609
0120993983
1909139813
1926754065
1932318928
0711095750
0913875630
0864283969
0445428046
0368808892
0416767573
0007687851
2041778768
0996327649
0113516894
1227400723
1453696407
2018328709
1233542329
2007199265
0477968024
1382302211
2106622177
1866137532
1694899991
1796592213
1062382656
1642153947
1276036733
0803598960
0236256794
0659514678
1790362474
1640033184
0535807823
0761400300
0004281606
1883866206
1523372182
0863004076
0151932442
0389377797
1160334967
1829609375
1820983914
0763306841
0538319902
0579166566
0279700021
0138170434
1401920328
1095504234
1327176945
0822215017
1635825280
2109836217
1239977259
1126931633
1641682172
0767422601
2144801591
0051177203
1956773028
0794888677
1140988617
1444408117
0688374828
1027360223
1269006749
1485032896
0245623161
1325465839
0089593733
0116632809
0368075177
1844307005
0285309224
0097273302
1663200029
1422640185
0045129243
1711205446
0889748971
1718466143
0381638194
2003990876
0184668672
1938646678
1867561050
0075763190
1045990787
0299587380
0745428729
0306114293
0874695811
0493755820
0095045756
1432564332
1819477783
0377276513
0957195124
1804963743
0452351983
0344868449
1396355589
1751242050
1081098921
0822595267
1150514591
0035676199
1512374556
1357383256
1389381853
0977927234
1209123029
2051005498
1841794401
0030407888
0414996818
1548657688
1938924291
0353022235
2084709011
0829190555
1055752727
1326881328
1256456035
1032214124
1535770055
1671322873
1353897062
0789132424
2039141212
1104930532
1332079566
1660296109
0840941794
1329883866
0966181111
1743732792
1980673634
1199086666
1900922692
1227449191
0646064805
2009896696
0647130185
0017665310
1569261885
0632866202
0336775411
0976331881
1998062029
2128901025
1905761112
0779889579
1748727267
0645630091
0117288261
1659244687
0906286381
1546958054
0499003087
1757684360
1830022211
0589693386
0667307087
0372534582
0529680502
0534535778
0472566257
2016717637
0803178718
0041264854
1735197354
0345399147
0944824062
0903264356
1980738595
1731845600
0164992276
1101423901
2059914854
0069650617
0729668519
0770848821
1654008100
0749130184
0493331851
0219030339
1236486271
0164271705
1666204437
1964821902
0448229674
0714552797
0816486628
1600333110
1092389795
0895018991
0179985509
1408551196
0253078305
1892149546
1600289119
1215064471
0499719664
0324905619
1813621880
1264155961
0232451745
1886152819
1976710443
0106600566
1011185205
0638604578
1770152249
1808367674
1595864655
0765774209
1189686575
0852738465
1788828987
0135280713
1702388879
0316548114
1259400335
0191499373
0625193043
0966527808
0094168432
0154619153
1986908208
1170166057
2006391762
0246641842
0585444451
1560302999
2015399375
1920343060
0435456342
2085045118
0806804670
0811458829
0285558641
0465065101
1006619216
1177329719
0493172372
1119327131
0189982352
2046804925
1067138565
1153617467
0404125383
1254616635
1326072710
0706662413
1895928986
1911287227
1254260190
1948204418
1025392215
1518728930
0200329192
1159223196
1481869202
0024471592
1385927766
0738634542
1706357504
1320968768
2024031041
1650994955
1885546546
0319769084
0773952691
1414253527
0027263951
0342382087
0089668640
0748763102
0137347353
1547666517
0246261137
0892155418
1143315962
0336070212
0096576706
0362790240
1858234890
1769270265
0533238378
0856275857
1857730485
1885436598
0873995046
0682437490
0571372661
1757050248
1669933378
1322864157
0704882663
1044795196
1216528094
0523418346
1715113944
0624440588
1401619360
0728247852
0233665261
0796971227
0772848193
1672977946
0581273090
0565843561
0784904682
0591527556
0780495618
2008488541
1861473535
0490020344
0346325289
0335579854
1551208619
0827247962
2000058049
2125598915
2136335410
0788987409
1332248767
2091327234
1623668098
0563811616
0898881481
0732220105
1593017727
1439617697
0840113515
1534106359
1574073220
0286581156
1444325579
1898941954
1654106906
1090067886
1094283186
0594136588
1487307217
1534106753
1578984206
1021390666
0282634192
0167525487
0970364477
1139994618
0532951105
0396481745
1365697041
0674752822
0326271088
2043422837
0350220389
1552059300
2049284277
0348645413
1661971833
0006412317
0209902989
1357146955
0941844352
1161101509
0404012848
0932717331
1711738338
1140808664
1398161999
0207154187
0845353798
0584178554
0854295201
0117330328
0665364007
1818320710
0716735307
1427694113
1555848539
0274149460
0742593607
0560581269
0624972068
2028126041
0978324352
2116507635
1471421705
0853382508
0835853130
0902628242
0226755357
0913461212
0252980173
1826977421
1009446169
1672044468
1662271934
1004733529
0379962498
1788529934
1431301322
0397811038
1006229710
2020714767
0943492906
0921195751
2016790596
0545857468
2066264040
0611181874
1360639736
1025145333
0288618145
0311838300
1312484183
1560692364
0431663392
0035304353
1433887774
1803536981
1773389511
1567297289
0952450073
0465735132
0594256211
1443617064
0500085776
0936643024
0568343022
0011719019
0530557258
0226445078
0342798923
0917778577
1397037777
0193615776
0071703927
0576591194
0257511395
0031253205
1222270690
1952855364
0855548687
0599580108
0107196830
0440896694
0230696027
1966751410
1826906866
1000060620
1631307596
1227652233
1752685975
0935656903
0487801991
1946473919
0725256189
0111463716
0643456328
1602641517
1967134559
2044744061
0806321690
0179496227
1652095942
1992048111
2060720342
1664557556
0421062805
1894591459
1703079453
0603168710
0559774578
1682586290
0336009433
1525997260
1942911778
1751523845
0580009900
0731800968
0039989637
1000993557
1151538370
1826730394
1729028443
0098125328
0331589072
1388148926
0284805568
1243969432
1112105644
0584772856
1703452315
0968468328
1068927144
1662086489
1463705647
0674104868
0975351554
0159260397
2117750476
0241756749
0249784012
1189951260
1313384234
0147631159
1115046026
0272118234
0849116643
0871115271
1812901035
0568882803
1093190936
1132310128
0376472800
0364824926
0054232001
1044920566
1553852621
0578043452
0155472682
0600530582
0420670514
0603668806
0449641475
1762006198
0201906180
1649328586
0099289460
1149878172
0124512853
2046643093
1108589696
0366214688
0359507273
0777247503
0011070307
0681947723
0955314862
1401850052
0696542464
0786452353
0837001710
0353411973
2007233916
2068633834
1294790594
1864826635
1635236029
0047765154
1357820688
0132928604
1471487632
1633285809
0547202646
0109906923
0829214821
1299433496
1386141892
1991258424
1215301469
1512087256
0485494057
0296359221
0594404335
1988018117
0532938278
0941516120
1587034489
0923303097
2100172696
1709713920
1601578707
0659253858
0607205632
1077055613
1077812959
0439970738
0456071778
1849902482
0530143657
1323986196
1479184595
0249423050
0123504201
0067514391
1336101095
0714175478
1139668271
0735866252
0431432780
2017217211
0962689336
0068721482
1238804200
0973285746
1707356863
0322764211
1005431607
1589518154
1350003494
0336919186
0929853972
1099360490
0182531633
1296822968
1176409067
1836604134
1121157991
0279923018
1262927109
1881437536
0537486602
0744365250
0147995284
0456920678
1036157352
0667155811
0910532099
1651650269
1415561644
1054624952
0970156862
0476135381
1477217767
0759796973
0905040143
1146183827
2054657526
1311080238
1830357661
1844389477
0584102022
1002058575
0436035777
1660322236
0281830871
2063385507
0126519752
1798143885
0910724899
0937196128
1443316573
0695577512
1608356080
1359828907
1278823862
0683936441
1485001659
0191818889
1887415113
1498512242
2109400902
0718420001
1080835206
0839645180
1349403192
1987842796
2145473883
1375622959
1024248920
2032563744
1466412572
0296458055
1659780624
1287051433
0958077116
0922591380
0717766171
1223436415
0581379502
1533089682
2090982866
1885435218
2065725511
0156388734
1774925796
1442509342
1328879861
1870856554
2061358973
0960252542
1904395702
1335053101
1818421441
1151893080
0078098806
0733134731
0845451606
0479828401
0302881807
0360495159
0593965739
1449467472
0870819073
0543229264
1550495386
1501235635
0144466655
0930668885
1890178894
1887712061
2107219145
1072208748
0824018672
0593068048
0229852418
1146136152
0473174351
1515142104
1848244759
0813743639
0400697216
0698197890
0260089774
1092261827
1265883508
0196791545
0018695432
1248697955
1850397593
0997287463
0352439192
1761633053
0030112878
0156568661
1582653458
1576628808
0603995551
0931898782
0986255275
1671531004
0253563382
1934399390
1307707241
1700984235
1566211526
0252320331
1171485117
2119883926
0969070661
1965897406
1313599845
1627612829
1935631768
1745481161
1281413656
1834567830
1014175377
0605253917
0089106375
0846066397
1637787861
1138366489
2048270713
1330670154
1651977837
0406422730
0601621871
1144870477
0307282433
1321222544
0111804895
1549016887
0362147482
1314141500
0773947417
1239686009
0856258807
